Unsorted array:
110, 77, 43, 20, 7, 58, 4, 107, 20, 52, 71, 36, 70, 62, 90, 72, 43, 37, 64, 85
60, 110, 112, 3, 28, 101, 56, 7, 120, 15, 114, 94, 13, 28, 84, 94, 100, 79, 115, 62
20, 104, 35, 30, 36, 5, 44, 66, 82, 44, 28, 94, 56, 104, 108, 106, 108, 96, 103, 73
114, 110, 110, 38, 36, 2, 46, 106, 52, 45, 61, 4, 73, 100, 56, 47, 100, 86, 0, 113
120, 121, 22, 31, 68, 108, 92, 78, 10, 31, 13, 54, 18, 20, 6, 71, 48, 57, 118, 7
51, 7, 84, 22, 49, 62, 12, 55, 32, 101, 3, 105, 37, 27, 53, 37, 31, 4, 63, 66
16
Sorted array:
4, 7, 20, 20, 36, 43, 52, 58, 62, 70, 71, 72, 77, 90, 107, 110, 43, 37, 64, 85
60, 110, 112, 3, 28, 101, 56, 7, 120, 15, 114, 94, 13, 28, 84, 94, 100, 79, 115, 62
20, 104, 35, 30, 36, 5, 44, 66, 82, 44, 28, 94, 56, 104, 108, 106, 108, 96, 103, 73
114, 110, 110, 38, 36, 2, 46, 106, 52, 45, 61, 4, 73, 100, 56, 47, 100, 86, 0, 113
120, 121, 22, 31, 68, 108, 92, 78, 10, 31, 13, 54, 18, 20, 6, 71, 48, 57, 118, 7
51, 7, 84, 22, 49, 62, 12, 55, 32, 101, 3, 105, 37, 27, 53, 37, 31, 4, 63, 66
16
Number of swaps: 64
Number of comparisons: 45
Recursion depth: 0
Max depth: 8
